# Step Time(fs) Temperature(K)E_pot(eV) E_kin(eV) E_tot(eV)
0 0.000000 300.000000 -9.117964 9.888390 0.770426
100 100.000000 300.255666 -9.126402 9.896817 0.770415
200 200.000000 305.720801 -9.306533 10.076955 0.770422
300 300.000000 297.555471 -9.037390 9.807815 0.770425
400 400.000000 293.825781 -8.914468 9.684880 0.770412
500 500.000000 317.086488 -9.681212 10.451583 0.770370
600 600.000000 289.323981 -8.766125 9.536494 0.770370
700 700.000000 312.817785 -9.540496 10.310881 0.770385
800 800.000000 305.934256 -9.313618 10.083991 0.770373
900 900.000000 298.978390 -9.084345 9.854716 0.770372
1000 1000.000000 309.972395 -9.446709 10.217093 0.770384
1100 1100.000000 294.341395 -8.931466 9.701875 0.770409
1200 1200.000000 299.795250 -9.111222 9.881641 0.770419
1300 1300.000000 309.563524 -9.433193 10.203616 0.770423
1400 1400.000000 307.124023 -9.352815 10.123207 0.770392
1500 1500.000000 313.844373 -9.574346 10.344718 0.770372
1600 1600.000000 317.313047 -9.688700 10.459050 0.770351
1700 1700.000000 306.121358 -9.319826 10.090158 0.770332
1800 1800.000000 313.413144 -9.560190 10.330505 0.770315
1900 1900.000000 303.263033 -9.225585 9.995944 0.770359
2000 2000.000000 296.397031 -8.999278 9.769631 0.770354
