# Step Time(fs) Temperature(K)E_pot(eV) E_kin(eV) E_tot(eV)
0 0.000000 300.000000 -72.943709 79.378565 6.434856
100 100.000000 300.594839 -73.101152 79.535957 6.434805
200 200.000000 299.600955 -72.838107 79.272980 6.434873
300 300.000000 302.345955 -73.564431 79.999294 6.434863
400 400.000000 312.199558 -76.171760 82.606510 6.434750
500 500.000000 308.575989 -75.212929 81.647731 6.434802
600 600.000000 306.311163 -74.613595 81.048469 6.434874
700 700.000000 304.531135 -74.142602 80.577482 6.434880
800 800.000000 306.667482 -74.707964 81.142749 6.434785
900 900.000000 308.759770 -75.261513 81.696359 6.434846
1000 1000.000000 308.781834 -75.267276 81.702197 6.434920
1100 1100.000000 306.438927 -74.647396 81.082275 6.434878
1200 1200.000000 305.254212 -74.333872 80.768805 6.434933
1300 1300.000000 306.848143 -74.755621 81.190551 6.434931
1400 1400.000000 305.041609 -74.277637 80.712551 6.434914
1500 1500.000000 310.977103 -75.848133 82.283054 6.434922
1600 1600.000000 304.887214 -74.236840 80.671699 6.434859
1700 1700.000000 303.456834 -73.858312 80.293227 6.434915
1800 1800.000000 302.645460 -73.643537 80.078541 6.435004
1900 1900.000000 311.818576 -76.070772 82.505704 6.434932
2000 2000.000000 307.636786 -74.964217 81.399222 6.435005
