# Step Time(fs) Temperature(K)E_pot(eV) E_kin(eV) E_tot(eV)
0 0.000000 300.000000 -1236.545288 8.027046 -1228.518242
10 5.000000 279.525191 -1235.994995 7.479205 -1228.515790
20 10.000000 299.551411 -1236.532227 8.015043 -1228.517183
30 15.000000 292.453712 -1236.341919 7.825131 -1228.516788
40 20.000000 281.297241 -1236.044556 7.526620 -1228.517936
50 25.000000 280.576925 -1236.027344 7.507346 -1228.519998
60 30.000000 287.558656 -1236.213867 7.694155 -1228.519712
70 35.000000 301.199443 -1236.580933 8.059139 -1228.521793
80 40.000000 280.109965 -1236.013550 7.494852 -1228.518698
90 45.000000 274.142866 -1235.853760 7.335191 -1228.518569
100 50.000000 275.290734 -1235.884399 7.365905 -1228.518495
