# Step Time(fs) Temperature(K)E_pot(eV) E_kin(eV) E_tot(eV)
0 0.000000 300.000000 -1236.545410 8.027046 -1228.518364
10 5.000000 279.525188 -1235.994995 7.479205 -1228.515790
20 10.000000 299.551456 -1236.532227 8.015044 -1228.517182
30 15.000000 292.453769 -1236.341919 7.825133 -1228.516786
40 20.000000 281.297264 -1236.044678 7.526620 -1228.518058
50 25.000000 280.576988 -1236.027344 7.507348 -1228.519996
60 30.000000 287.558566 -1236.213989 7.694153 -1228.519837
70 35.000000 301.199302 -1236.580933 8.059135 -1228.521797
80 40.000000 280.109795 -1236.013672 7.494847 -1228.518825
90 45.000000 274.142899 -1235.853760 7.335192 -1228.518568
100 50.000000 275.291079 -1235.884277 7.365914 -1228.518364
