896.115
635.048
391.056
378.721
383.71
385.016
423.258
440.654
427.057
429.973
365.001
369.474
355.818
359.495
346.915
346.431
355.172
342.444
344.003
349.022
345.644
344.879
345.422
342.582
354.617
354.039
349.048
341.528
341.928
354.579
341.243
346.034
346.381
360.703
344.606
370.555
381.589
341.102
359.76
365.277
356.885
341.189
369.586
367.909
356.524
368.58
375.147
391.818
389.057
365.006
357.068
369.454
362.127
352.721
356.458
375.277
361.508
363.234
358.249
359.329
347.118
346.843
352.87
349.62
345.24
343.51
359.594
355.459
345.141
349.944
349
350.455
361.624
348.574
353.1
340.42
347.387
356.428
352.886
356.718
359.686
363.213
361.794
361.798
366.353
358.65
350.726
359.071
365.512
362.901
356.795
359.817
358.956
371.475
355.133
344.688
361.615
359.052
356.612
356.059
