# Step Time(fs) Temperature(K)E_pot(eV) E_kin(eV) E_tot(eV)
10 5.000000 279.741388 -1236.000366 7.484990 -1228.515376
20 10.000000 297.389989 -1236.474731 7.957210 -1228.517521
30 15.000000 296.867626 -1236.461060 7.943234 -1228.517826
40 20.000000 282.882871 -1236.086670 7.569046 -1228.517624
50 25.000000 282.902756 -1236.090698 7.569578 -1228.521120
60 30.000000 286.139778 -1236.176025 7.656190 -1228.519835
70 35.000000 300.169934 -1236.552612 8.031593 -1228.521019
80 40.000000 281.279293 -1236.044678 7.526139 -1228.518538
90 45.000000 272.249285 -1235.801514 7.284525 -1228.516989
100 50.000000 276.216173 -1235.909180 7.390666 -1228.518513
